   0.0000000000000000        1.0000000000000000        0.0000000000000000        0.0000000000000000        6.2831853060000000     
   8.4033613445378148E-003  0.99860641018352403        5.2775343687737016E-002 -0.33159730433477552        6.2744291229358620     
   1.6806722689075630E-002  0.99442952521748684       0.10540359301223823      -0.66227038790094195        6.2481849806571264     
   2.5210084033613446E-002  0.98748098682471863       0.15773806360400339      -0.99109760584298412        6.2045260262045954     
   3.3613445378151259E-002  0.97778016182048344       0.20963288990656709       -1.3171624580511152        6.1435739447715587     
   4.2016806722689072E-002  0.96535408813382639       0.26094343172953188       -1.6395561436050605        6.0654986205469932     
   5.0420168067226885E-002  0.95023739944820396       0.31152667738630330       -1.9573800937590260        5.9705176632202308     
   5.8823529411764698E-002  0.93247222867143487       0.36124164229291544       -2.2697484764080467        5.8588958014667876     
   6.7226890756302518E-002  0.91210809050401653       0.40994976191698684       -2.5757906650553917        5.7309441451057861     
   7.5630252100840331E-002  0.88920174343310565       0.45751527798159197       -2.8746536653996397        5.5870193179854262     
   8.4033613445378144E-002  0.86381703153680744       0.50380561684763459       -3.1655044927781586        5.4275224640132613     
   9.2436974789915957E-002  0.83602470653968874       0.54869175902010769       -3.4475324938406873        5.2528981291015944     
  0.10084033613445377       0.80590223061547295       0.59204859874836369       -3.7199516059821511        5.0636330221441526     
  0.10924369747899158       0.77353356048653610       0.63375529271812814       -3.9820025482373138        4.8602546584773538     
  0.11764705882352940       0.73900891342195196       0.67369559686339264       -4.2329549375308915        4.6433298896070063     
  0.12605042016806722       0.70242451578628529       0.71175819035943411       -4.4721093243847889        4.4134633232982878     
  0.13445378151260504       0.66388233483996650       0.74783698589393532       -4.6987991424085971        4.1712956384324107     
  0.14285714285714285       0.62348979453876263       0.78183142535142647       -4.9123925661397987        3.9175017993266934     
  0.15126050420168066       0.58135947612445493       0.81364676008692238       -5.1122942720555402        3.6527891744949672     
  0.15966386554621848       0.53760880434122504       0.84319431500758246       -5.2979470978477190        3.3778955650915807     
  0.16806722689075629       0.49235972015231411       0.87039173572634854       -5.4688335953366805        3.0935871485340094     
  0.17647058823529410       0.44573834086914577       0.89516321809869825       -5.6244774726952471        2.8006563430354756     
  0.18487394957983191       0.39787460864018853       0.91743971950275072       -5.7644449219633236        2.4999195989994365     
  0.19327731092436973       0.34890192827927585       0.93715915127384608       -5.8883458281530103        2.1922151234316392     
  0.20168067226890754       0.29895679544281623       0.95426655175724584       -5.9958348565741986        1.8784005437121492     
  0.21008403361344535       0.24817841619222503       0.96871423949662006       -6.0866124153500154        1.5593505172387716     
  0.21848739495798317       0.19670831900192073       0.98046194613135351       -6.1604254904393603        1.2359542936041557     
  0.22689075630252098       0.14468996029428560       0.98947692863225678       -6.2170683508391127       0.90911323610118111     
  0.23529411764705879        9.2268324601031404E-002  0.99573406056285507       -6.2563831220004138       0.57973830946458715     
  0.24369747899159661        3.9589520465389660E-002  0.99921590211188771       -6.2782602258607314       0.24874754085092166     
  0.25210084033613445       -1.3199626788582844E-002  0.99991274870181812       -6.2826386862651882       -8.2936538866518805E-002
  0.26050420168067229       -6.5951984284560061E-002  0.99782265803786818       -6.2695062989257986      -0.41438946635620866     
  0.26890756302521013      -0.11852052167977131       0.99295145552217834       -6.2388996654448325      -0.74468742247382846     
  0.27731092436974797      -0.17075872096511249       0.98531271801799747       -6.1909040913073863       -1.0729098071130492     
  0.28571428571428581      -0.22252098483735636       0.97492773600914717       -6.1256533481273907       -1.3981418050850882     
  0.29411764705882365      -0.27366304250525453       0.96182545426022259       -6.0433293008096358       -1.7194769358754609     
  0.30252100840336149      -0.32404235179847463       0.94604239114291333       -5.9441614006668964       -2.0360195801712750     
  0.31092436974789933      -0.37351849645862012       0.92762253685329066       -5.8284260459048474       -2.3468874761171534     
  0.31932773109243717      -0.42195357750500845       0.90661723080374057       -5.6964458112571403       -2.6512141783422343     
  0.32773109243697501      -0.46921259758439693       0.88308501853126897       -5.5485885489177162       -2.9481514729044545     
  0.33613445378151285      -0.51516383723339998       0.85709148852099470       -5.3852663632761404       -3.2368717414211785     
  0.34453781512605069      -0.55967922200488207       0.82870908939962862       -5.2069344623135034       -3.5165702677968564     
  0.35294117647058854      -0.60263467943507376       0.79801692800844781       -5.0140898888601999       -3.7864674811183798     
  0.36134453781512638      -0.64391048485647340       0.76510054891856971       -4.8072701352517386       -4.0458111284667178     
  0.36974789915966422      -0.68339159509268532       0.73005169600305164       -4.5870516452437586       -4.2938783715887334     
  0.37815126050420206      -0.72096796910512140       0.69296805673035644       -4.3540482073616449       -4.5299778015853036     
  0.38655462184873990      -0.75653487469785796       0.65395298989188044       -4.1089092441627439       -4.7534513660003626     
  0.39495798319327774      -0.78999318042580047       0.61311523752241692       -3.8523180021792984       -4.9636762029396371     
  0.40336134453781558      -0.82124963189254840       0.57056862181648238       -3.5849896475870451       -5.1600663771069764     
  0.41176470588235342      -0.85021711166786096       0.52643172788525561       -3.3076692729071984       -5.3420745129195355     
  0.42016806722689126      -0.87681488210028069       0.48082757323834380       -3.0211298202975065       -5.5091933201499490     
  0.42857142857142910      -0.90096881034814502       0.43388326491159057       -2.7261699272205631       -5.6609570078431668     
  0.43697478991596694      -0.92261157500177782       0.38572964519657538       -2.4236117004939115       -5.7969425825670369     
  0.44537815126050478      -0.94168285372096061       0.33650092695922273       -2.1142984249261030       -5.9167710273780934     
  0.45378151260504263      -0.95812949136469971       0.28633431956395744       -1.7990922129251965       -6.0201083582164863     
  0.46218487394958047      -0.97190564814467351       0.23536964644602681       -1.4788716016307146       -6.1066665547856296     
  0.47058823529411831      -0.98297292738942665       0.18374895539788935       -1.1545291042663421       -6.1762043633219692     
  0.47899159663865615      -0.99130048256320336       0.13161612265587735      -0.82696872253825193       -6.2285279690173496     
  0.48739495798319399      -0.99686510324113575        7.9116451890620471E-002 -0.49710342701252147       -6.2634915362197754     
  0.49579831932773183      -0.99965127980115531        2.6396269218922630E-002 -0.16585261249435757       -6.2809976149068838     
  0.50420168067226967      -0.99965124665231664       -2.6397484634126889E-002  0.16586046449847613       -6.2809974122991834     
  0.51260504201680746      -0.99686500387904664       -7.9117663886083767E-002  0.49711125902572439       -6.2634909288559939     
  0.52100840336134524      -0.99130031724099088      -0.13161732781962143       0.82697651460589172       -6.2285269582750349     
  0.52941176470588303      -0.98297269652845709      -0.18375015033345427        1.1545368365063626       -6.1762029514956467     
  0.53781512605042081      -0.97190535233378361      -0.23537082778021221        1.4788792542700837       -6.1066647450847009     
  0.54621848739495860      -0.95812913135911892      -0.28633548395454222        1.7990997663364983       -6.0201061547622468     
  0.55462184873949638      -0.94168243044092237      -0.33650207110265512        2.1143058596643338       -5.9167684351998231     
  0.56302521008403417      -0.92261108953081861      -0.38573076583562566        2.4236189973335236       -5.7969396075971122     
  0.57142857142857195      -0.90096826393108886      -0.43388435884295762        2.7261770671927836       -5.6609536569111327     
  0.57983193277310974      -0.87681427614090623      -0.48082863732020625        3.0211367847279589       -5.5091896009754784     
  0.58823529411764752      -0.85021644772624938      -0.52643275904475806        3.3076760434538373       -5.3420704341041949     
  0.59663865546218531      -0.82124891168210901      -0.57056961705714593        3.5849962062784089       -5.1600619481247083     
  0.60504201680672309      -0.78999240580997121      -0.61311619393146310        3.8523243314530697       -4.9636714341258710     
  0.61344537815126088      -0.75653404768647925      -0.65395390464745573        4.1089153269045955       -4.7534462685396512     
  0.62184873949579866      -0.72096709185048002      -0.69296892710864533        4.3540540269443335       -4.5299723874973878     
  0.63025210084033645      -0.68339066988522756      -0.73005251938526428        4.5870571855664224       -4.2938726537129330     
  0.63865546218487423      -0.64390951412018538      -0.76510132279778897        4.8072753807793287       -4.0458051204445482     
  0.64705882352941202      -0.60263366572252874      -0.79801764999632141        5.0140948246629700       -3.7864611973742912     
  0.65546218487394980      -0.55967816799195380      -0.82870975723288876        5.2069390741064669       -3.5165637235170055     
  0.66386554621848759      -0.51516274571364407      -0.85709210006778935        5.3852706374583876       -3.2368649525301390     
  0.67226890756302538      -0.46921147146310149      -0.88308557179728631        5.5485924726114728       -2.9481444560397807     
  0.68067226890756316      -0.42195241979291653      -0.90661772393810891        5.6964493723464287       -2.6512069508268103     
  0.68907563025210095      -0.37351731026532842      -0.92762296815423384        5.8284292330736145       -2.3468800559292555     
  0.69747899159663873      -0.32404114032551357      -0.94604275906314295        5.9441642034364461       -2.0360119859122969     
  0.70588235294117652      -0.27366180903885623      -0.96182575741204690        6.0433317095751988       -1.7194691867352614     
  0.71428571428571430      -0.22251973274091882      -0.97492797316927660        6.1256553541936594       -1.3981339208049348     
  0.72268907563025209      -0.17075745367136952      -0.98531288813202600        6.1909056869228278       -1.0729018079461454     
  0.73109243697478987      -0.11851924268267910      -0.99295155770872123        6.2389008438345916      -0.74467932914342994     
  0.73949579831932766       -6.5950697130913685E-002 -0.99782269159233505        6.2695070543229976      -0.41438130001134976     
  0.74789915966386544       -1.3198335069376621E-002 -0.99991271309980190        6.2826390139404227       -8.2928321035389718E-002
  0.75630252100840323        3.9590813123841530E-002 -0.99921579701214991        6.2782601221495664       0.24875578830989142     
  0.76470588235294101        9.2269614546196255E-002 -0.99573388580988820        6.2563825843286818       0.57974656441386119     
  0.77310924369747880       0.14469124385671639      -0.98947668425840540        6.2170673777458161       0.90912147617737138     
  0.78151260504201658       0.19670959250474160      -0.98046163235847761        6.1604240815969860        1.2359624962732871     
  0.78991596638655437       0.24817967596077592      -0.96871385673728305        6.0866105715820797        1.5593586598534253     
  0.79831932773109215       0.29895803781443220      -0.95426610061541317        5.9958325798698393        1.8784086035703340     
  0.80672268907562994       0.34890314961317537      -0.93715863254507970        5.8883431216784601        2.1922230778372276     
  0.81512605042016772       0.39787580532744415      -0.91743913417388800        5.7644417900701086        2.4999274253239796     
  0.82352941176470551       0.44573950934270840      -0.89516256734700383        5.6244739209249648        2.8006640187812013     
  0.83193277310924330       0.49236085689706188      -0.87039102091813036        5.4688296304222215        3.0935946513977890     
  0.84033613445378108       0.53760990590400626      -0.84319353769626504        5.2979427277108302        3.3779028730296408     
  0.84873949579831887       0.58136053912409325      -0.81364592201057173        5.1122895058006206        3.6527962657881052     
  0.85714285714285665       0.62349081567599340      -0.78183052842972400        4.9123874140438550        3.9175086526457532     
  0.86554621848739444       0.66388331090727060      -0.74783603222459905        4.6987936159072943        4.1713022329037601     
  0.87394957983193222       0.70242544367758775      -0.71175718221408890        4.4721034360545628        4.4134696385690351     
  0.88235294117647001       0.73900979014215251      -0.67369453668289281        4.2329487010670981        4.6433359059096846     
  0.89075630252100779       0.77353438316083767      -0.63375418310733755        3.9819959784284151        4.8602603566938081     
  0.89915966386554558       0.80590299649847474      -0.59204744247040209        3.7199447186799719        5.0636383838683487     
  0.90756302521008336       0.83602541302421174      -0.54869055899007291        3.4475253059267743        5.2529031367010841     
  0.91596638655462115       0.86381767616241867      -0.50380437612581352        3.1654970221263175        5.4275271006890300     
  0.92436974789915893       0.88920232389431031      -0.45751399976617496        2.8746459308347343        5.5870235678298581     
  0.93277310924369672       0.91210860465808663      -0.40994844953630277        2.5757826863085143        5.7309479931584910     
  0.94117647058823450       0.93247267454584404      -0.36124029919720613        2.2697402740681873        5.8588992337680317     
  0.94957983193277229       0.95023777524763986      -0.31152530713905896        1.9573716892213915        5.9705206668617379     
  0.95798319327731007       0.96535439224675335      -0.26094203799841070        1.6395475590162076        6.0655011837198813     
  0.96638655462184786       0.97778039282522888      -0.20963147645392377        1.3171537162510827        6.1435760568111970     
  0.97478991596638564       0.98748114349505944      -0.15773663427705392       0.99108873030462408        6.2045276776321812     
  0.98319327731092343       0.99442960652771195      -0.10540215173288911       0.66226140266666544        6.2481861632177953     
  0.99159663865546122       0.99860641531295380       -5.2773894442108969E-002  0.33158823395094028        6.2744298296331564     
  0.99999999999999900       0.99999992833694251        1.4531723224880944E-006  -9.1305508185257622E-006   6.2831855311265565     
