   0.0000000000000000        1.0000000000000000        0.0000000000000000        0.0000000000000000        6.2831853060000000     
   1.3717421124828529E-003  0.99996285742612723        8.6188031746140085E-003  -5.4153537466710533E-002   6.2829519323256156     
   2.7434842249657058E-003  0.99985143246365604        1.7236966100160803E-002 -0.10830305212989090        6.2822518286386950     
   4.1152263374485583E-003  0.99966573338980635        2.5853848575134210E-002 -0.16244452148484534        6.2810850469465445     
   5.4869684499314116E-003  0.99940577399926123        3.4468810493146519E-002 -0.21657392362452502        6.2794516739237141     
   6.8587105624142650E-003  0.99907157360314236        4.3081211890478872E-002 -0.27068723753829593        6.2773518309055607     
   8.2304526748971183E-003  0.99866315702757569        5.1690412993621079E-002 -0.32478044341064033        6.2747856738792320     
   9.6021947873799716E-003  0.99818055461184674        6.0295774266797261E-002 -0.37884952291976931        6.2717533934720828     
   1.0973936899862825E-002  0.99762380220614721        6.8896656459473890E-002 -0.43289045953612443        6.2682552149375104     
   1.2345679012345678E-002  0.99699294116891191        7.7492420653846594E-002 -0.48689923882074609        6.2642913981382238     
   1.3717421124828532E-002  0.99628801836374614        8.6082428312302242E-002 -0.54087184872348693        6.2598622375269395     
   1.5089163237311385E-002  0.99550908615594458        9.4666041324852845E-002 -0.59480427988104745        6.2549680621245072     
   1.6460905349794237E-002  0.99465620240860142       0.10324262205653761      -0.64869252591481219        6.2496092354954698     
   1.7832647462277088E-002  0.99372943047831186       0.11181153339478980      -0.70253258372846406        6.2437861557210548     
   1.9204389574759940E-002  0.99272883921046551       0.12037213879676466      -0.75632045380535495        6.2374992553696034     
   2.0576131687242791E-002  0.99165450293413260       0.12892380233662515      -0.81005214050561070        6.2307490014644360     
   2.1947873799725643E-002  0.99050650145654207       0.13746588875278182      -0.86372365236294746        6.2235358954491611     
   2.3319615912208495E-002  0.98928492005715329       0.14599776349508320      -0.91733100238117837        6.2158604731504248     
   2.4691358024691346E-002  0.98798984948132096       0.15451879277195357      -0.97087020833038840        6.2077233047381055     
   2.6063100137174198E-002  0.98662138593355408       0.16302834359747420       -1.0243372930427546        6.1991249946829612     
   2.7434842249657049E-002  0.98517963107036954       0.17152578383840481       -1.0777282847079910        6.1900661817117228     
   2.8806584362139901E-002  0.98366469199274031       0.18001048226114166       -1.1310392171683945        6.1805475387596509     
   3.0178326474622753E-002  0.98207668123813951       0.18848180857860891       -1.1842661302134723        6.1705697729205431     
   3.1550068587105608E-002  0.98041571677218065       0.19693913349707948       -1.2374050698741257        6.1601336253942076     
   3.2921810699588459E-002  0.97868192197985437       0.20538182876292232       -1.2904520887163724        6.1492398714314049     
   3.4293552812071311E-002  0.97687542565636309       0.21380926720927229       -1.3434032461345815        6.1378893202762566     
   3.5665294924554163E-002  0.97499636199755291       0.22222082280261929       -1.3962546086442020        6.1260828151061322     
   3.7037037037037014E-002  0.97304487058994538       0.23061587068931336       -1.4490022501739623        6.1138212329690109     
   3.8408779149519866E-002  0.97102109640036804       0.23899378724198192       -1.5016422523575195        6.1011054847183335     
   3.9780521262002717E-002  0.96892518976518538       0.24735395010585609       -1.5541707048245350        6.0879365149453362     
   4.1152263374485569E-002  0.96675730637913149       0.25569573824500241       -1.6065837054911578        6.0743153019088840     
   4.2524005486968421E-002  0.96451760728374403       0.26401853198845648       -1.6588773608498906        6.0602428574627982     
   4.3895747599451272E-002  0.96220625885540101       0.27232171307625552       -1.7110477862588200        6.0457202269806931     
   4.5267489711934124E-002  0.95982343279296189       0.28060466470536560       -1.7630911062301877        6.0307484892783192     
   4.6639231824416975E-002  0.95736930610501281       0.28886677157550128       -1.8150034547182814        6.0153287565334228     
   4.8010973936899827E-002  0.95484406109671716       0.29710741993483303       -1.8667809754066249        5.9994621742031278     
   4.9382716049382679E-002  0.95224788535627358       0.30532599762557999       -1.9184198219944451        5.9831499209388452     
   5.0754458161865530E-002  0.94958097174098033       0.31352189412948411       -1.9699161584823945        5.9663932084987188     
   5.2126200274348382E-002  0.94684351836290936       0.32169450061316279       -2.0212661594575101        5.9491932816576067     
   5.3497942386831233E-002  0.94403572857418927       0.32984320997333594       -2.0724660103773833        5.9315514181146147     
   5.4869684499314085E-002  0.94115781095189921       0.33796741688192478       -2.1235119078535254        5.9134689283981814     
   5.6241426611796937E-002  0.93820997928257488       0.34606651783101883       -2.1744000599339013        5.8949471557687252     
   5.7613168724279788E-002  0.93519245254632744       0.35413991117770749       -2.2251266863846162        5.8759874761188620     
   5.8984910836762640E-002  0.93210545490057606       0.36218699718877317       -2.2756880189707300        5.8565912978711943     
   6.0356652949245491E-002  0.92894921566339694       0.37020717808524267       -2.3260803017361829        5.8367600618736883     
   6.1728395061728343E-002  0.92572396929648815       0.37819985808679318       -2.3762997912828046        5.8164952412926390     
   6.3100137174211202E-002  0.92242995538775241       0.38616444345600992       -2.4263427570483955        5.7957983415032359     
   6.4471879286694053E-002  0.91906741863349961       0.39410034254249193       -2.4762054815838508        5.7746708999777363     
   6.5843621399176905E-002  0.91563660882026920       0.40200696582680318       -2.5258842608293124        5.7531144861712544     
   6.7215363511659756E-002  0.91213778080627494       0.40988372596426476       -2.5753754043893249        5.7311307014051733     
   6.8587105624142608E-002  0.90857119450247281       0.41773003782858614       -2.6246752358069774        5.7087211787481911     
   6.9958847736625460E-002  0.90493711485325323       0.42554531855533123       -2.6737800928370099        5.6858875828950080     
   7.1330589849108311E-002  0.90123581181675971       0.43332898758521660       -2.7226863277178639        5.6626316100426646     
   7.2702331961591163E-002  0.89746756034483521       0.44108046670723827       -2.7713903074426560        5.6389549877645386     
   7.4074074074074014E-002  0.89363264036259682       0.44879918010162451       -2.8198884140290570        5.6148594748820129     
   7.5445816186556866E-002  0.88973133674764204       0.45648455438261032       -2.8681770447880548        5.5903468613338196     
   7.6817558299039718E-002  0.88576393930888631       0.46413601864103182       -2.9162526125915793        5.5654189680430779     
   7.8189300411522569E-002  0.88173074276503427       0.47175300448673607       -2.9641115461389735        5.5400776467820219     
   7.9561042524005421E-002  0.87763204672268713       0.47933494609080413       -3.0117502902222890        5.5143247800344435     
   8.0932784636488272E-002  0.87346815565408575       0.48688128022758370       -3.0591653059903834        5.4881622808558532     
   8.2304526748971124E-002  0.86923937887449343       0.49439144631652854       -3.1063530712118057        5.4615920927313670     
   8.3676268861453976E-002  0.86494603051921781       0.50186488646384109       -3.1533100805364445        5.4346161894313330     
   8.5048010973936827E-002  0.86058842952027570       0.50930104550391575       -3.2000328457559255        5.4072365748647124     
   8.6419753086419679E-002  0.85616689958270109       0.51669937104057972       -3.2465178960627314        5.3794552829302171     
   8.7791495198902531E-002  0.85168176916049854       0.52405931348812729       -3.2927617783080323        5.3512743773652218     
   8.9163237311385382E-002  0.84713337143224410       0.53138032611214636       -3.3387610572582038        5.3226959515924577     
   9.0534979423868234E-002  0.84252204427633481       0.53866186507013247       -3.3845123158500132        5.2937221285645046     
   9.1906721536351085E-002  0.83784813024588978       0.54590338945188821       -3.4300121554444569        5.2643550606060856     
   9.3278463648833937E-002  0.83311197654330316       0.55310436131970508       -3.4752571960792285        5.2345969292541810     
   9.4650205761316789E-002  0.82831393499445249       0.56026424574832379       -3.5202440767197993        5.2044499450959734     
   9.6021947873799640E-002  0.82345436202256295       0.56738251086467184       -3.5649694555090949        5.1739163476046341     
   9.7393689986282492E-002  0.81853361862173069       0.57445862788737323       -3.6094300100157444        5.1429984049729622     
   9.8765432098765343E-002  0.81355207033010613       0.58149207116602941       -3.6536224374808870        5.1116984139448922     
  0.10013717421124819       0.80851008720273998       0.58848231822026731       -3.6975434550635198        5.0800186996448806     
  0.10150891632373105       0.80340804378409381       0.59542884977855159       -3.7411898000843622        5.0479616154051827     
  0.10288065843621390       0.79824631908021659       0.60233114981675917       -3.7845582302682259        5.0155295425910369     
  0.10425240054869675       0.79302529653059051       0.60918870559651184       -3.8276455239848675        4.9827248904237615     
  0.10562414266117960       0.78774536397964701       0.61600100770326527       -3.8704484804883066        4.9495500958017891     
  0.10699588477366245       0.78240691364795556       0.62276755008415097       -3.9129639201545960        4.9160076231196363     
  0.10836762688614530       0.77701034210308773       0.62948783008556830       -3.9551886847180184        4.8820999640848424     
  0.10973936899862816       0.77155605023015805       0.63616134849052453       -3.9971196375056994        4.8478296375328656     
  0.11111111111111101       0.76604444320204390       0.64278760955571879       -4.0387536636706161        4.8131991892399757     
  0.11248285322359386       0.76047593044928774       0.64936612104836877       -4.0800876704229827        4.7782111917341394     
  0.11385459533607671       0.75485092562968192       0.65589639428277635       -4.1211185872600016        4.7428682441039189     
  0.11522633744855956       0.74916984659754049       0.66237794415662932       -4.1618433661939518        4.7071729718053996     
  0.11659807956104241       0.74343311537265866       0.66881028918703767       -4.2022589819786145        4.6711280264671560     
  0.11796982167352527       0.73764115810896291       0.67519295154630043       -4.2423624323339988        4.6347360856932758     
  0.11934156378600812       0.73179440506285420       0.68152545709740109       -4.2821507381693689        4.5979998528644552     
  0.12071330589849097       0.72589329056124641       0.68780733542922923       -4.3216209438045476        4.5609220569371764     
  0.12208504801097382       0.71993825296930203       0.69403811989152464       -4.3607701171894782        4.5235054522409861     
  0.12345679012345667       0.71392973465786824       0.70021734762954291       -4.3995953501220297        4.4857528182738902     
  0.12482853223593952       0.70786818197061552       0.70634455961843856       -4.4380937584640376        4.4476669594958791     
  0.12620027434842238       0.70175404519088069       0.71241930069736359       -4.4762624823555504        4.4092507051205976     
  0.12757201646090524       0.69558777850821774       0.71844111960327939       -4.5140986864272730        4.3705069089051767     
  0.12894375857338811       0.68936983998465817       0.72440956900447873       -4.5515995600111960        4.3314384489382407     
  0.13031550068587097       0.68310069152068376       0.73032420553381594       -4.5887623173493841        4.2920482274261094     
  0.13168724279835384       0.67678079882091424       0.73618458982164248       -4.6255841978009160        4.2523391704772049     
  0.13305898491083670       0.67041063135951262       0.74199028652844556       -4.6620624660469625        4.2123142278846890     
  0.13443072702331957       0.66399066234530979       0.74774086437718745       -4.6981944122939767        4.1719763729073334     
  0.13580246913580243       0.65752136868665234       0.75343589618534301       -4.7339773524749917        4.1313286020486535     
  0.13717421124828530       0.65100323095597545       0.75907495889663279       -4.7694086284490096        4.0903739348343118     
  0.13854595336076816       0.64443673335410345       0.76465763361245009       -4.8044856081984584        4.0491154135878116     
  0.13991769547325103       0.63782236367428080       0.77018350562297866       -4.8392056860247150        4.0075561032044984     
  0.14128943758573390       0.63116061326593631       0.77565216443799978       -4.8735662827416668        3.9656990909238816     
  0.14266117969821676       0.62445197699818322       0.78106320381738514       -4.9075648458673093        3.9235474861003019     
  0.14403292181069963       0.61769695322305784       0.78641622180127502       -4.9411988498133566        3.8811044199719498     
  0.14540466392318249       0.61089604373849926       0.79171082073993737       -4.9744657960728551        3.8383730454282619     
  0.14677640603566536       0.60404975375107317       0.79694660732330780       -5.0073632134057862        3.7953565367757083     
  0.14814814814814822       0.59715859183844278       0.80212319261020615       -5.0398886580226421        3.7520580895019879     
  0.14951989026063109       0.59022306991158890       0.80724019205722952       -5.0720397137659630        3.7084809200386526     
  0.15089163237311395       0.58324370317678242       0.81229722554731787       -5.1038139922898216        3.6646282655221722     
  0.15226337448559682       0.57622101009731241       0.81729391741799107       -5.1352091332372414        3.6205033835534657     
  0.15363511659807969       0.56915551235497175       0.82222989648925515       -5.1662228044155389        3.5761095519559079     
  0.15500685871056255       0.56204773481130410       0.82710479609117538       -5.1968527019695667        3.5314500685318366     
  0.15637860082304542       0.55489820546861435       0.83191825409111453       -5.2270965505528579        3.4865282508175750     
  0.15775034293552828       0.54770745543074595       0.83666991292063375       -5.2569521034966513        3.4413474358369878     
  0.15912208504801115       0.54047601886362784       0.84135941960205474       -5.2864171429767843        3.3959109798535896     
  0.16049382716049401       0.53320443295559372       0.84598642577468064       -5.3154894801784440        3.3502222581212244     
  0.16186556927297688       0.52589323787747710       0.85055058772067416       -5.3441669554587659        3.3042846646333359     
  0.16323731138545974       0.51854297674248451       0.85505156639059066       -5.3724474385072591        3.2581016118708419     
  0.16460905349794261       0.51115419556585029       0.85948902742856459       -5.4003288285040618        3.2116765305486386     
  0.16598079561042547       0.50372744322427576       0.86386264119714695       -5.4278090542759969        3.1650128693607500     
  0.16735253772290834       0.49626327141515586       0.86817208280179259       -5.4548860744504317        3.1181140947241408     
  0.16872427983539121       0.48876223461559615       0.87241703211499511       -5.4815578776069200        3.0709836905212131     
  0.17009602194787407       0.48122489004122354       0.87659717380006741       -5.5078224824266231        3.0236251578410047     
  0.17146776406035694       0.47365179760479326       0.88071219733456663       -5.5336779378394896        2.9760420147191118     
  0.17283950617283980       0.46604351987459580       0.88476179703336144       -5.5591223231691922        2.9282377958763504     
  0.17421124828532267       0.45840062203266640       0.88874567207133981       -5.5841537482758064        2.8802160524561788     
  0.17558299039780553       0.45072367183280049       0.89266352650575576       -5.6087703536962179        2.8319803517609015     
  0.17695473251028840       0.44301323955837779       0.89651506929821356       -5.6329703107822553        2.7835342769866696     
  0.17832647462277126       0.43526989797999899       0.90030001433628781       -5.6567518218365285        2.7348814269573043     
  0.17969821673525413       0.42749422231293727       0.90401808045477694       -5.6801131202459745        2.6860254158569576     
  0.18106995884773699       0.41968679017440835       0.90766899145658975       -5.7030524706130867        2.6369698729616315     
  0.18244170096021986       0.41184818154066216       0.91125247613326299       -5.7255681688848332        2.5877184423695767     
  0.18381344307270273       0.40397897870389909       0.91476826828510782       -5.7476585424792388        2.5382747827305900     
  0.18518518518518559       0.39607976622901458       0.91821610674098475       -5.7693219504096360        2.4886425669742325     
  0.18655692729766846       0.38815113091017434       0.92159573537770434       -5.7905567834065650        2.4388254820369837     
  0.18792866941015132       0.38019366172722441       0.92490690313905399       -5.8113614640373168        2.3888272285883572     
  0.18930041152263419       0.37220794980193878       0.92814936405444703       -5.8317344468231145        2.3386515207559966     
  0.19067215363511705       0.36419458835410762       0.93132287725719531       -5.8516742183539208        2.2883020858497711     
  0.19204389574759992       0.35615417265747001       0.93442720700240134       -5.8711792974008601        2.2377826640848908     
  0.19341563786008278       0.34808729999549398       0.93746212268447127       -5.8902482350262515        2.1870970083040646     
  0.19478737997256565       0.33999456961700703       0.94042739885424509       -5.9088796146912443        2.1362488836987201     
  0.19615912208504852       0.33187658269168097       0.94332281523574424       -5.9270720523610452        2.0852420675293057     
  0.19753086419753138       0.32373394226537394       0.94614815674253494       -5.9448241966077324        2.0340803488446957     
  0.19890260631001425       0.31556725321533308       0.94890321349370566       -5.9621347287106454        1.9827675282007209     
  0.20027434842249711       0.30737712220526109       0.95158778082945850       -5.9790023627543478        1.9313074173778437     
  0.20164609053497998       0.29916415764025012       0.95420165932631207       -5.9954258457241512        1.8797038390979990     
  0.20301783264746284       0.29092896962158632       0.95674465481191584       -6.0114039575991942        1.8279606267406230     
  0.20438957475994571       0.28267216990142841       0.95921657837947427       -6.0269355114430736        1.7760816240578898     
  0.20576131687242857       0.27439437183736348       0.96161724640177981       -6.0420193534920150        1.7240706848891785     
  0.20713305898491144       0.26609619034684379       0.96394648054485355       -6.0566543632405816        1.6719316728747891     
  0.20850480109739430       0.25777824186150738       0.96620410778119281       -6.0708394535249104        1.6196684611689318     
  0.20987654320987717       0.24944114428138650       0.96838996040262471       -6.0845735706034709        1.5672849321520097     
  0.21124828532236004       0.24108551692900665       0.97050387603276411       -6.0978556942353457        1.5147849771422148     
  0.21262002743484290       0.23271198050338027       0.97254569763907583       -6.1106848377560157        1.4621724961064615     
  0.21399176954732577       0.22432115703389791       0.97451527354454015       -6.1230600481506574        1.4094513973706764     
  0.21536351165980863       0.21591366983412075       0.97641245743891969       -6.1349804061249360        1.3566255973294683     
  0.21673525377229150       0.20749014345547764       0.97823710838962830       -6.1464450261732964        1.3036990201551977     
  0.21810699588477436       0.19905120364087023       0.97998909085220043       -6.1574530566447416        1.2506755975064696     
  0.21947873799725723       0.19059747727818949       0.98166827468035978       -6.1680036798061009        1.1975592682360694     
  0.22085048010974009       0.18212959235374732       0.98327453513568741       -6.1780961119027706        1.1443539780983645     
  0.22222222222222296       0.17364817790562651       0.98480775289688793       -6.1877296032169395        1.0910636794561936     
  0.22359396433470582       0.16515386397695245       0.98626781406865327       -6.1969034381232806        1.0376923309872648     
  0.22496570644718869       0.15664728156909041       0.98765461019012335       -6.2056169351421095       0.98424389739008422     
  0.22633744855967156       0.14812906259477143       0.98896803824294321       -6.2138694469900111       0.93072234908943874     
  0.22770919067215442       0.13959983983115062       0.99020800065891579       -6.2216603606279213       0.87713166194145153     
  0.22908093278463729       0.13106024687280118       0.99137440532724952       -6.2289890973066671       0.82347581693823524     
  0.23045267489712015       0.12251091808464781       0.99246716560140114       -6.2358551126099595       0.76975879991216345     
  0.23182441700960302       0.11395248855484272       0.99348620030551205       -6.2422578964948352       0.71598460123978269     
  0.23319615912208588       0.10538559404758809       0.99443143374043863       -6.2481969733295459       0.66215721554538642     
  0.23456790123456875        9.6810870955908179E-002  0.99530279568937519       -6.2536719019288887       0.60828064140427396     
  0.23593964334705161        8.8228956254374824E-002  0.99610022142307053       -6.2586822755869811       0.55435888104571573     
  0.23731138545953448        7.9640487451789671E-002  0.99682365170463605       -6.2632277221074739       0.50039594005564703     
  0.23868312757201735        7.1046102543826692E-002  0.99747303279394617       -6.2673079038311990       0.44639582707911252     
  0.24005486968450021        6.2446439965638673E-002  0.99804831645163050       -6.2709225176612513       0.39236255352248334     
  0.24142661179698308        5.3842138544430880E-002  0.99854945994265742       -6.2740712950855064       0.33830013325546926     
  0.24279835390946594        4.5233837452005737E-002  0.99897642603950854       -6.2767540021965669       0.28421258231294777     
  0.24417009602194881        3.6622176157281840E-002  0.99932918302494400       -6.2789704397091359       0.23010391859663240     
  0.24554183813443167        2.8007794378790900E-002  0.99960770469435889       -6.2807204429748227       0.17597816157660218     
  0.24691358024691454        1.9391332037156185E-002  0.99981197035772973       -6.2820038819943749       0.12183933199271477     
  0.24828532235939740        1.0773429207555894E-002  0.99994196484115128       -6.2828206614273325        6.7691451555925236E-002
  0.24965706447188027        2.1547260721750949E-003  0.99999767848796395       -6.2831707205991130        1.3538542649532581E-002
  0.25102880658436311       -6.4641371273503057E-003  0.99997910715947114       -6.2830540335055165       -4.0615371969623518E-002
  0.25240054869684597       -1.5082520137494015E-002  0.99988625223524663       -6.2824706088146600       -9.4766269469993836E-002
  0.25377229080932884       -2.3699782740400674E-002  0.99971912061303192       -6.2814204898663295      -0.14891012724415620     
  0.25514403292181170       -3.2315284801444535E-002  0.99947772470822416       -6.2799037546687648      -0.20304292320763551     
  0.25651577503429457       -4.0928386316781966E-002  0.99916208245295357       -6.2779205158928617      -0.25716063609768491     
  0.25788751714677743       -4.9538447460894218E-002  0.99877221729475163       -6.2754709208638042      -0.31125924577200581     
  0.25925925925926030       -5.8144828634116970E-002  0.99830815819480900       -6.2725551515501179      -0.36533473350738477     
  0.26063100137174317       -6.6746890510153076E-002  0.99776993962582428       -6.2691734245501554      -0.41938308229822502     
  0.26200274348422603       -7.5343994083565013E-002  0.99715760156944333       -6.2653259910760051      -0.47340027715495026     
  0.26337448559670890       -8.3935500717243511E-002  0.99647118951328884       -6.2610131369348281      -0.52738230540225872     
  0.26474622770919176       -9.2520772189848791E-002  0.99571075444758184       -6.2562351825076306      -0.58132515697720533     
  0.26611796982167463      -0.10109917074322092       0.99487635286135323       -6.2509924827254597      -0.63522482472708997     
  0.26748971193415749      -0.10967005912975578       0.99396804673824801       -6.2452854270430427      -0.68907730470712925     
  0.26886145404664036      -0.11823280065974312       0.99298590355192062       -6.2391144394098514      -0.74287859647789012     
  0.27023319615912322      -0.12678675924866312       0.99192999626102263       -6.2324799782386116      -0.79662470340246339     
  0.27160493827160609      -0.13533129946443803       0.99080040330378294       -6.2253825363712503      -0.85031163294335421     
  0.27297668038408895      -0.14386578657463536       0.98959720859218114       -6.2178226410422832      -0.90393539695906822     
  0.27434842249657182      -0.15238958659361901       0.98832050150571404       -6.2098008538396492      -0.95749201200037160     
  0.27572016460905469      -0.16090206632964507       0.98697037688475597       -6.2013177706629943       -1.0109774996062020     
  0.27709190672153755      -0.16940259343189848       0.98554693502351387       -6.1923740216794041       -1.0643878865992087     
  0.27846364883402042      -0.17789053643746738       0.98405028166257646       -6.1829702712765915       -1.1177192053809017     
  0.27983539094650328      -0.18636526481825136       0.98248052798105967       -6.1731072180135422       -1.1709674942263844     
  0.28120713305898615      -0.19482614902780035       0.98083779058834752       -6.1627855945686232       -1.2241287975786508     
  0.28257887517146901      -0.20327256054808063       0.97912219151542979       -6.1520061676851547       -1.2771991663424258     
  0.28395061728395188      -0.21170387193616430       0.97733385820583696       -6.1407697381144546       -1.3301746581775236     
  0.28532235939643474      -0.22011945687083906       0.97547292350617298       -6.1290771405563520       -1.3830513377917044     
  0.28669410150891761      -0.22851869019913446       0.97353952565624691       -6.1169292435971814       -1.4358252772330091     
  0.28806584362140047      -0.23690094798276154       0.97153380827880353       -6.1043269496452615       -1.4884925561815479     
  0.28943758573388334      -0.24526560754446225       0.96945592036885442       -6.0912711948638592       -1.5410492622407208     
  0.29080932784636621      -0.25361204751426503       0.96730601628260982       -6.0777629491016461       -1.5934914912278515     
  0.29218106995884907      -0.26193964787564333       0.96508425572601231       -6.0638032158206521       -1.6458153474642099     
  0.29355281207133194      -0.27024779001157373       0.96279080374287307       -6.0493930320217242       -1.6980169440644031     
  0.29492455418381480      -0.27853585675049003       0.96042583070261134       -6.0345334681674947       -1.7500924032251133     
  0.29629629629629767      -0.28680323241212974       0.95798951228759865       -6.0192256281028573       -1.8020378565131610     
  0.29766803840878053      -0.29504930285327019       0.95548202948010841       -6.0034706489729723       -1.8538494451528722     
  0.29903978052126340      -0.30327345551335011       0.95290356854887126       -5.9872697011387892       -1.9055233203127280     
  0.30041152263374626      -0.31147507945997388       0.95025432103523844       -5.9706239880901109       -1.9570556433912756     
  0.30178326474622913      -0.31965356543429468       0.94753448373895266       -5.9535347463561887       -2.0084425863022792     
  0.30315500685871200      -0.32780830589627336       0.94474425870352940       -5.9360032454138683       -2.0596803317590910     
  0.30452674897119486      -0.33593869506980961       0.94188385320124746       -5.9180307875932865       -2.1107650735582175     
  0.30589849108367773      -0.34404412898774223       0.93895347971775212       -5.8996187079811255       -2.1616930168620643     
  0.30727023319616059      -0.35212400553671486       0.93595335593627038       -5.8807683743214394       -2.2124603784808370     
  0.30864197530864346      -0.36017772450190411       0.93288370472144067       -5.8614811869140464       -2.2630633871535748     
  0.31001371742112632      -0.36820468761160652       0.92974475410275681       -5.8417585785105119       -2.3134982838283000     
  0.31138545953360919      -0.37620429858168131       0.92653673725762919       -5.8216020142077145       -2.3637613219412597     
  0.31275720164609205      -0.38417596315984542       0.92325989249406315       -5.8010129913390092       -2.4138487676952392     
  0.31412894375857492      -0.39211908916981769       0.91991446323295589       -5.7799930393630010       -2.4637569003369282     
  0.31550068587105778      -0.40003308655530861       0.91650069799001432       -5.7585437197499267       -2.5134820124333177     
  0.31687242798354065      -0.40791736742385298       0.91301885035729380       -5.7366666258656620       -2.5630204101471068     
  0.31824417009602352      -0.41577134609048133       0.90946917898436019       -5.7143633828533567       -2.6123684135110996     
  0.31961591220850638      -0.42359443912122779       0.90585194755907572       -5.6916356475127126       -2.6615223567015733     
  0.32098765432098925      -0.43138606537647051       0.90216742478801115       -5.6684851081769052       -2.7104785883105937     
  0.32235939643347211      -0.43914564605410172       0.89841588437648490       -5.6449134845871693       -2.7592334716172600     
  0.32373113854595498      -0.44687260473252410       0.89459760500823071       -5.6209225277650452       -2.8077833848578604     
  0.32510288065843784      -0.45456636741347034       0.89071287032469548       -5.5965140198823038       -2.8561247214949139     
  0.32647462277092071      -0.46222636256464272       0.88676196890396908       -5.5716897741285578       -2.9042538904850845     
  0.32784636488340357      -0.46985202116216951       0.88274519423934728       -5.5464516345765702       -2.9521673165459403     
  0.32921810699588644      -0.47744277673287483       0.87866284471752931       -5.5208014760452659       -2.9998614404215447     
  0.33058984910836930      -0.48499806539635937       0.87451522359645273       -5.4947412039604604       -3.0473327191468567     
  0.33196159122085217      -0.49251732590688829       0.87030263898276516       -5.4682727542133138       -3.0945776263109201     
  0.33333333333333504      -0.49999999969508335       0.86602540380893700       -5.4413980930165264       -3.1415926523188240     
  0.33470507544581790      -0.50744553090941646       0.86168383581001495       -5.4141192167582748       -3.1883743046524122     
  0.33607681755830077      -0.51485336645750102       0.85727825750001940       -5.3864381518539117       -3.2349191081297271     
  0.33744855967078363      -0.52222295604717861       0.85280899614798589       -5.3583569545954326       -3.2812236051631625     
  0.33882030178326650      -0.52955375222739753       0.84827638375365433       -5.3298777109987245       -3.3272843560163130     
  0.34019204389574936      -0.53684521042888012       0.84368075702280609       -5.3010025366486042       -3.3730979390594937     
  0.34156378600823223      -0.54409678900457648       0.83902245734225178       -5.2717335765416644       -3.4186609510239170     
  0.34293552812071509      -0.55130794926990034       0.83430183075447140       -5.2420730049269304       -3.4639700072545043     
  0.34430727023319796      -0.55847815554274571       0.82951922793190858       -5.2120230251443465       -3.5090217419613174     
  0.34567901234568083      -0.56560687518328012       0.82467500415092043       -5.1815858694611006       -3.5538128084695848     
  0.34705075445816369      -0.57269357863351145       0.81976951926538644       -5.1507637989057988       -3.5983398794683104     
  0.34842249657064656      -0.57973773945662666       0.81480313767997592       -5.1195591031005057       -3.6425996472574438     
  0.34979423868312942      -0.58673883437609808       0.80977622832307883       -5.0879741000906593       -3.6865888239935929     
  0.35116598079561229      -0.59369634331455490       0.80468916461939943       -5.0560111361728746       -3.7303041419342620     
  0.35253772290809515      -0.60060974943241741       0.79954232446221651       -5.0236725857206475       -3.7737423536805967     
  0.35390946502057802      -0.60747853916629047       0.79433609018531171       -4.9909608510079773       -3.8169002324186172     
  0.35528120713306088      -0.61430220226711363       0.78907084853456744       -4.9578783620309093       -3.8597745721589223     
  0.35665294924554375      -0.62108023183806504       0.78374699063923770       -4.9244275763270249       -3.9023621879748469     
  0.35802469135802661      -0.62781212437221634       0.77836491198289282       -4.8906109787928829       -3.9446599162390559     
  0.35939643347050948      -0.63449737978993570       0.77292501237404099       -4.8564310814994265       -3.9866646148585527     
  0.36076817558299235      -0.64113550147603648       0.76742769591642845       -4.8218904235053763       -4.0283731635080926     
  0.36213991769547521      -0.64772599631666827       0.76187337097902053       -4.7869915706686150       -4.0697824638619728     
  0.36351165980795808      -0.65426837473594779       0.75626245016566573       -4.7517371154555814       -4.1108894398241969     
  0.36488340192044094      -0.66076215073232736       0.75059535028444591       -4.7161296767486904       -4.1516910377569793     
  0.36625514403292381      -0.66720684191469726       0.74487249231671293       -4.6801718996517865       -4.1921842267075871     
  0.36762688614540667      -0.67360196953822071       0.73909430138581655       -4.6438664552936553       -4.2323659986334929     
  0.36899862825788954      -0.67994705853989712       0.73326120672552397       -4.6072160406295941       -4.2722333686258303     
  0.37037037037037240      -0.68624163757385215       0.72737364164813378       -4.5702233782410717       -4.3117833751311263     
  0.37174211248285527      -0.69248523904635206       0.72143204351228774       -4.5328912161334802       -4.3510130801713016     
  0.37311385459533813      -0.69867739915053884       0.71543685369048116       -4.4952223275319971       -4.3899195695619193     
  0.37448559670782100      -0.70481765790088391       0.70938851753627596       -4.4572195106755785       -4.4284999531286635     
  0.37585733882030387      -0.71090555916735865       0.70328748435121691       -4.4188855886090890       -4.4667513649220387     
  0.37722908093278673      -0.71694065070931767       0.69713420735145570       -4.3802234089735945       -4.5046709634302653     
  0.37860082304526960      -0.72292248420909389       0.69092914363408353       -4.3412358437948209       -4.5422559317903630     
  0.37997256515775246      -0.72885061530530182       0.68467275414317552       -4.3019257892698093       -4.5795034779974015     
  0.38134430727023533      -0.73472460362584679       0.67836550363554937       -4.2622961655517679       -4.6164108351119051     
  0.38271604938271819      -0.74054401282063831       0.67200786064624096       -4.2223499165331511       -4.6529752614653948     
  0.38408779149520106      -0.74630841059400432       0.66560029745369931       -4.1820900096269691       -4.6891940408640540     
  0.38545953360768392      -0.75201736873680425       0.65914329004470285       -4.1415194355463560       -4.7250644827905024     
  0.38683127572016679      -0.75767046315823883       0.65263731807900105       -4.1006412080824015       -4.7605839226036579     
  0.38820301783264966      -0.76326727391735338       0.64608286485368283       -4.0594583638802737       -4.7957497217366845     
  0.38957475994513252      -0.76880738525423364       0.63948041726727445       -4.0179739622136399       -4.8305592678929949     
  0.39094650205761539      -0.77429038562089014       0.63283046578357049       -3.9761910847574073       -4.8650099752403069     
  0.39231824417009825      -0.77971586771183032       0.62613350439519966       -3.9341128353588024       -4.8990992846027330     
  0.39368998628258112      -0.78508342849431523       0.61939003058692810       -3.8917423398067994       -4.9328246636508890     
  0.39506172839506398      -0.79039266923829876       0.61260054529870422       -3.8490827455999215       -4.9661836070900058     
  0.39643347050754685      -0.79564319554604768       0.60576555288844580       -3.8061372217124281       -4.9991736368460398     
  0.39780521262002971      -0.80083461738143924       0.59888556109457414       -3.7629089583589073       -5.0317923022497535     
  0.39917695473251258      -0.80596654909893517       0.59196108099829614       -3.7194011667572906       -5.0640371802187651     
  0.40054869684499544      -0.81103860947222928       0.58499262698563903       -3.6756170788903062       -5.0959058754375492     
  0.40192043895747831      -0.81605042172256725       0.57798071670923890       -3.6315599472653912       -5.1273960205353699     
  0.40329218106996118      -0.82100161354673529       0.57092587104988668       -3.5872330446730794       -5.1585052762621437     
  0.40466392318244404      -0.82589181714471704       0.56382861407783469       -3.5426396639438797       -5.1892313316622101     
  0.40603566529492691      -0.83072066924701549       0.55668947301386584       -3.4977831177036696       -5.2195719042460018     
  0.40740740740740977      -0.83548781114163850       0.54950897819012900       -3.4526667381276153       -5.2495247401595995     
  0.40877914951989264      -0.84019288870074593       0.54228766301074316       -3.4072938766926408       -5.2790876143521599     
  0.41015089163237550      -0.84483555240695596       0.53502606391217356       -3.3616679039284629       -5.3082583307412028     
  0.41152263374485837      -0.84941545737930890       0.52772472032338225       -3.3157922091672107       -5.3370347223757495     
  0.41289437585734123      -0.85393226339888717       0.52038417462575670       -3.2696702002916496       -5.3654146515972929     
  0.41426611796982410      -0.85838563493408793       0.51300497211281870       -3.2233053034820243       -5.3933960101985958     
  0.41563786008230696      -0.86277524116554849       0.50558766094971741       -3.1767009629615459       -5.4209767195802989     
  0.41700960219478983      -0.86710075601072123       0.49813279213250855       -3.1298606407405378       -5.4481547309053280     
  0.41838134430727270      -0.87136185814809664       0.49064091944722388       -3.0827878163592581       -5.4749280252510939     
  0.41975308641975556      -0.87555823104107267       0.48311259942873286       -3.0354859866294222       -5.5012946137594678     
  0.42112482853223843      -0.87968956296146872       0.47554839131940058       -2.9879586653744421       -5.5272525377845252     
  0.42249657064472129      -0.88375554701268244       0.46794885702754418       -2.9402093831684009       -5.5527998690380427     
  0.42386831275720416      -0.88775588115248771       0.46031456108569152       -2.8922416870737839       -5.5779347097327419     
  0.42524005486968702      -0.89169026821547182       0.45264607060864481       -2.8440591403779845       -5.6026551927232653     
  0.42661179698216989      -0.89555841593511021       0.44494395525135233       -2.7956653223286043       -5.6269594816448798     
  0.42798353909465275      -0.89936003696547784       0.43720878716659156       -2.7470638278675694       -5.6508457710498901     
  0.42935528120713562      -0.90309484890259462       0.42944114096246666       -2.6982582673640780       -5.6743122865417561     
  0.43072702331961848      -0.90676257430540386       0.42164159365972381       -2.6492522663464051       -5.6973572849069063     
  0.43209876543210135      -0.91036294071638191       0.41381072464888696       -2.6000494652325785       -5.7199790542442299     
  0.43347050754458422      -0.91389568068177773       0.40594911564721775       -2.5506535190599506       -5.7421759140922477     
  0.43484224965706708      -0.91736053177148102       0.39805735065550263       -2.5010680972136834       -5.7639462155539443     
  0.43621399176954995      -0.92075723659851638       0.39013601591467018       -2.4512968831541664       -5.7852883414192569     
  0.43758573388203281      -0.92408554283816369       0.38218569986224221       -2.4013435741433913       -5.8062007062852103     
  0.43895747599451568      -0.92734520324670211       0.37420699308862154       -2.3512118809703009       -5.8266817566736897     
  0.44032921810699854      -0.93053597567977642       0.36620048829321988       -2.3009055276751313       -5.8467299711468392     
  0.44170096021948141      -0.93365762311038480       0.35816678024042908       -2.2504282512727722       -5.8663438604200824     
  0.44307270233196427      -0.93670991364648648       0.35010646571543907       -2.1997838014751609       -5.8855219674727550     
  0.44444444444444714      -0.93969262054822789       0.34202014347990545       -2.1489759404127353       -5.9042628676563398     
  0.44581618655693001      -0.94260552224478600       0.33390841422747042       -2.0980084423549634       -5.9225651688002960     
  0.44718792866941287      -0.94544840235082783       0.32577188053914025       -2.0468850934299709       -5.9404275113154776     
  0.44855967078189574      -0.94822104968258447       0.31761114683852232       -1.9956096913432884       -5.9578485682951294     
  0.44993141289437860      -0.95092325827353907       0.30942681934692556       -1.9441860450957378       -5.9748270456134591     
  0.45130315500686147      -0.95355482738972708       0.30121950603832714       -1.8926179747004808       -5.9913616820217692     
  0.45267489711934433      -0.95611556154464772       0.29298981659420903       -1.8409093108992480       -6.0074512492421492     
  0.45404663923182720      -0.95860527051378586       0.28473836235826772       -1.7890638948777722       -6.0230945520587191     
  0.45541838134431006      -0.96102376934874278       0.27646575629100051       -1.7370855779804446       -6.0382904284064169     
  0.45679012345679293      -0.96337087839097513       0.26817261292417161       -1.6849782214242182       -6.0530377494573218     
  0.45816186556927579      -0.96564642328514072       0.25985954831516150       -1.6327456960117759       -6.0673354197045093     
  0.45953360768175866      -0.96785023499205081       0.25152718000120322       -1.5803918818439875       -6.0811823770434312     
  0.46090534979424153      -0.96998214980122699       0.24317612695350826       -1.5279206680316761       -6.0945775928508148     
  0.46227709190672439      -0.97204200934306262       0.23480700953128641       -1.4753359524067149       -6.1075200720610727     
  0.46364883401920726      -0.97402966060058704       0.22642044943566211       -1.4226416412324756       -6.1200088532402246     
  0.46502057613169012      -0.97594495592083297       0.21801706966349141       -1.3698416489136518       -6.1320430086573134     
  0.46639231824417299      -0.97778775302580445       0.20959749446108253       -1.3169398977054765       -6.1436216443533249     
  0.46776406035665585      -0.97955791502304612       0.20116234927782359       -1.2639403174223569       -6.1547439002075945     
  0.46913580246913872      -0.98125531041581238       0.19271226071972106       -1.2108468451459473       -6.1654089500017024     
  0.47050754458162158      -0.98287981311283568       0.18424785650285222       -1.1576634249326829       -6.1756160014808472     
  0.47187928669410445      -0.98443130243769295       0.17576976540673520       -1.1043940075207945       -6.1853642964127014     
  0.47325102880658731      -0.98590966313777051       0.16727861722761991       -1.0510425500368274       -6.1946531106437339     
  0.47462277091907018      -0.98731478539282513       0.15877504273170367      -0.99761301570168626       -6.2034817541530076     
  0.47599451303155305      -0.98864656482314250       0.15025967360827455      -0.94410937353622559       -6.2118495711034329     
  0.47736625514403591      -0.98990490249729080       0.14173314242278626      -0.89053559806641147       -6.2197559398904918     
  0.47873799725651878      -0.99108970493946991       0.13319608256986795      -0.83689566902807266       -6.2272002731884086     
  0.48010973936900164      -0.99220088413645524       0.12464912822627239      -0.78319357107126564       -6.2341820179937848     
  0.48148148148148451      -0.99323835754413603       0.11609291430376606      -0.72943329346427410       -6.2407006556666751     
  0.48285322359396737      -0.99420204809364676       0.10752807640196461      -0.67561882979726573       -6.2467557019691160     
  0.48422496570645024      -0.99509188419709249        9.8955250761117289E-002 -0.62175417768562768       -6.2523467071010979     
  0.48559670781893310      -0.99590779975286681        9.0375074214843698E-002 -0.56784333847300317       -6.2574732557339772     
  0.48696844993141597      -0.99664973415056213        8.1788184142826556E-002 -0.51389031693405107       -6.2621349670413320     
  0.48834019204389884      -0.99731763227547199        7.3195218423463826E-002 -0.45989912097695046       -6.2663314947272477     
  0.48971193415638170      -0.99791144451268543        6.4596815386483819E-002 -0.40587376134567282       -6.2700625270520449     
  0.49108367626886457      -0.99843112675077272        5.5993613765526820E-002 -0.35181825132204320       -6.2733277868554360     
  0.49245541838134743      -0.99887664038506185        4.7386252650696598E-002 -0.29773660642761302       -6.2761270315771132     
  0.49382716049383030      -0.99924795232050678        3.8775371441085567E-002 -0.24363284412536643       -6.2784600532747685     
  0.49519890260631316      -0.99954503497414549        3.0161609797276889E-002 -0.18951098352128251       -6.2803266786395406     
  0.49657064471879603      -0.99976786627714909        2.1545607593827207E-002 -0.13537504506577536       -6.2817267690088885     
  0.49794238683127889      -0.99991642967646133        1.2928004871733473E-002  -8.1229050255034324E-002  -6.2826602203768918     
  0.49931412894376176      -0.99999071413602814        4.3094417908874014E-003  -2.7077021332286635E-002  -6.2831269634019771     
  0.50068587105624462      -0.99999071413761742       -4.3094414174789045E-003   2.7077019010995594E-002  -6.2831269634120703     
  0.50205761316872743      -0.99991642968122907       -1.2928004498352619E-002   8.1229047933921578E-002  -6.2826602204071698     
  0.50342935528121024      -0.99976786628509484       -2.1545607220501632E-002  0.13537504274501916       -6.2817267690593495     
  0.50480109739369305      -0.99954503498526870       -3.0161609424034223E-002  0.18951098120106113       -6.2803266787101801     
  0.50617283950617586      -0.99924795233480657       -3.8775371067953444E-002  0.24363284180585809       -6.2784600533655812     
  0.50754458161865867      -0.99887664040253710       -4.7386252277702635E-002  0.29773660410899583       -6.2761270316880911     
  0.50891632373114148      -0.99843112677142209       -5.5993613392698621E-002  0.35181824900449526       -6.2733277869865711     
  0.51028806584362429      -0.99791144453650737       -6.4596815013848979E-002  0.40587375902937212       -6.2700625272033266     
  0.51165980795610710      -0.99731763230246462       -7.3195218051049921E-002  0.45989911866207489       -6.2663314948986644     
  0.51303155006858991      -0.99664973418072345       -8.1788183770661146E-002  0.51389031462077839       -6.2621349672328694     
  0.51440329218107272      -0.99590779978619448       -9.0375073842954332E-002  0.56784333616151106       -6.2574732559456212     
  0.51577503429355553      -0.99509188423358386       -9.8955250389531485E-002  0.62175417537609357       -6.2523467073328307     
  0.51714677640603834      -0.99420204813329904      -0.10752807603070987       0.67561882748986690       -6.2467557022209199     
  0.51851851851852115      -0.99323835758694623      -0.11609291393286984       0.72943329115918765       -6.2407006559385296     
  0.51989026063100396      -0.99220088418242014      -0.12464912785576214       0.78319356876866852       -6.2341820182856686     
  0.52126200274348677      -0.99108970498858584      -0.13319608219977108       0.83689566672814175       -6.2272002735002978     
  0.52263374485596958      -0.98990490254955410      -0.14173314205313015       0.89053559576932328       -6.2197559402223614     
  0.52400548696845239      -0.98864656487854907      -0.15025967323908654       0.94410937124215644       -6.2118495714552573     
  0.52537722908093520      -0.98731478545137075      -0.15877504236301107       0.99761301341081210       -6.2034817545247583     
  0.52674897119341801      -0.98590966319945061      -0.16727861685944997        1.0510425477493242       -6.1946531110353815     
  0.52812071330590082      -0.98443130250250288      -0.17576976503911515        1.1043940052368375       -6.1853642968242140     
  0.52949245541838363      -0.98287981318077045      -0.18424785613580924        1.1576634226524474       -6.1756160019121928     
  0.53086419753086644      -0.98125531048686687      -0.19271226035328226        1.2108468428696082       -6.1654089504528464     
  0.53223593964334925      -0.97955791509721479      -0.20116234891201606        1.2639403151500885       -6.1547439006785014     
  0.53360768175583206      -0.97778775310308164      -0.20959749409593331        1.3169398954374532       -6.1436216448439573     
  0.53497942386831487      -0.97594495600121278      -0.21801706929902750        1.3698416466500474       -6.1320430091676323     
  0.53635116598079768      -0.97402966068406327      -0.22642044907191045        1.4226416389734635       -6.1200088537701900     
  0.53772290809328049      -0.97204200942962882      -0.23480700916827385        1.4753359501524683       -6.1075200726106420     
  0.53909465020576330      -0.96998214989087661      -0.24317612659126164        1.5279206657823678       -6.0945775934199435     
  0.54046639231824611      -0.96785023508477697      -0.25152717963974924        1.5803918795997898       -6.0811823776320750     
  0.54183813443072892      -0.96564642338093631      -0.25985954795452687        1.6327456937728604       -6.0673354203126211     
  0.54320987654321173      -0.96337087848983272      -0.26817261256438296        1.6849782191907565       -6.0530377500848536     
  0.54458161865569454      -0.96102376945065482      -0.27646575593208444        1.7370855757526078       -6.0382904290533190     
  0.54595336076817735      -0.95860527061874445      -0.28473836200025071        1.7890638926557307       -6.0230945527249400     
  0.54732510288066016      -0.95611556165264477      -0.29298981623711751        1.8409093086831720       -6.0074512499276356     
  0.54869684499314297      -0.95355482750075438      -0.30121950568218747        1.8926179724905399       -5.9913616827264669     
  0.55006858710562578      -0.95092325838758818      -0.30942681899176400        1.9441860428921010       -5.9748270463373121     
  0.55144032921810859      -0.94822104979964661      -0.31761114648436500        1.9956096891461239       -5.9578485690380800     
  0.55281207133059140      -0.94544840247089401      -0.32577188018601333        2.0468850912394467       -5.9404275120774663     
  0.55418381344307421      -0.94260552236784700      -0.33390841387539993        2.0980084401712471       -5.9225651695812633     
  0.55555555555555702      -0.93969262067427428      -0.34202014312891732        2.1489759382359939       -5.9042628684562235     
  0.55692729766803983      -0.93670991377550861      -0.35010646536555917        2.1997837993055604       -5.8855219682914912     
  0.55829903978052264      -0.93365762324237278      -0.35816677989168316        2.2504282491104788       -5.8663438612576062     
  0.55967078189300545      -0.93053597581472014      -0.36620048794563359        2.3009055255203097       -5.8467299720030841     
  0.56104252400548826      -0.92734520338459125      -0.37420699274222052        2.3512118788231153       -5.8266817575485881     
  0.56241426611797107      -0.92408554297898760      -0.38218569951705195        2.4013435720040057       -5.8062007071786930     
  0.56378600823045388      -0.92075723674226428      -0.39013601557071603        2.4512968810227438       -5.7852883423312527     
  0.56515775034293669      -0.91736053191814193      -0.39805735031280992        2.5010680950903867       -5.7639462164843813     
  0.56652949245541950      -0.91389568083134043      -0.40594911530581168        2.5506535169449420       -5.7421759150410523     
  0.56790123456790231      -0.91036294086883485      -0.41381072430879262        2.6000494631260187       -5.7199790552113274     
  0.56927297668038512      -0.90676257446073538      -0.42164159332096623        2.6492522642484544       -5.6973572858922195     
  0.57064471879286793      -0.90309484906079285      -0.42944114062507072        2.6982582652748963       -5.6743122875452068     
  0.57201646090535074      -0.89936003712653068      -0.43720878683058201        2.7470638257873157       -5.6508457720713983     
  0.57338820301783355      -0.89555841609900533      -0.44494395491675387        2.7956653202574371       -5.6269594826843647     
  0.57475994513031636      -0.89169026838219667      -0.45264607027548198        2.8440591383160609       -5.6026551937806452     
  0.57613168724279917      -0.88775588132202954      -0.46031456075398874        2.8922416850212609       -5.5779347108079325     
  0.57750342935528198      -0.88375554718502813      -0.46794885669732578        2.9402093811254346       -5.5527998701309595     
  0.57887517146776479      -0.87968956313660518      -0.47554839099069079        2.9879586633411876       -5.5272525388950813     
  0.58024691358024760      -0.87555823121898657      -0.48311259910155580        3.0354859846060340       -5.5012946148875752     
  0.58161865569273041      -0.87136185832877433      -0.49064091912160351        3.0827878143458900       -5.4749280263966629     
  0.58299039780521322      -0.86710075619414884      -0.49813279180846876        3.1298606387373424       -5.4481547320682688     
  0.58436213991769603      -0.86277524135171191      -0.50558766062728189        3.1767009609686752       -5.4209767207605193     
  0.58573388203017884      -0.85838563512297295      -0.51300497179201110        3.2233053014996287       -5.3933960113960024     
  0.58710562414266165      -0.85393226359047936      -0.52038417430660044        3.2696701983198797       -5.3654146528117908     
  0.58847736625514446      -0.84941545757359371      -0.52772472000590065        3.3157922072062163       -5.3370347236072426     
  0.58984910836762727      -0.84483555260391840      -0.53502606359638982        3.3616679019783917       -5.3082583319895944     
  0.59122085048011008      -0.84019288890037103      -0.54228766269668038        3.4072938747536408       -5.2790876156173505     
  0.59259259259259289      -0.83548781134391092      -0.54950897787781006        3.4526667361998329       -5.2495247414414896     
  0.59396433470507570      -0.83072066945191980      -0.55668947270331359        3.4977831157872505       -5.2195719055444894     
  0.59533607681755851      -0.82589181735223760      -0.56382861376907178        3.5426396620389689       -5.1892313329771929     
  0.59670781893004132      -0.82100161375685621      -0.57092587074293566        3.5872330427798205       -5.1585052775935178     
  0.59807956104252413      -0.81605042193527244      -0.57798071640412207        3.6315599453839273       -5.1273960218830306     
  0.59945130315500694      -0.81103860968750252      -0.58499262668237861        3.6756170770207790       -5.0959058768013898     
  0.60082304526748975      -0.80596654931676004      -0.59196108069691422        3.7194011648998413       -5.0640371815986782     
  0.60219478737997256      -0.80083461760179908      -0.59888556079509259        3.7629089565136757       -5.0317923036456298     
  0.60356652949245537      -0.79564319576892573      -0.60576555259088649        3.8061372198795529       -4.9991736382577701     
  0.60493827160493818      -0.79039266946367792      -0.61260054500308869        3.8490827437795407       -4.9661836085174782     
  0.60631001371742099      -0.78508342872217829      -0.61939003029327799        3.8917423379990499       -4.9328246650939906     
  0.60768175582990380      -0.77971586794215997      -0.62613350410353619        3.9341128335638200       -4.8990992860613511     
  0.60905349794238661      -0.77429038585366883      -0.63283046549391486        3.9761910829753271       -4.8650099767143260     
  0.61042524005486942      -0.76880738548944361      -0.63948041697964764        4.0179739604445954       -4.8305592693822987     
  0.61179698216735223      -0.76326727415497664      -0.64608286456810571        4.0594583621243974       -4.7957497232411566     
  0.61316872427983504      -0.75767046339825717      -0.65263731779549428        4.1006412063398248       -4.7605839241231793     
  0.61454046639231785      -0.75201736897919946      -0.65914328976328695        4.1415194338172094       -4.7250644843249532     
  0.61591220850480066      -0.74630841083875787      -0.66560029717439473        4.1820900079113823       -4.6891940424133143     
  0.61728395061728347      -0.74054401306773165      -0.67200786036906790        4.2223499148312520       -4.6529752630293419     
  0.61865569272976628      -0.73472460387526106      -0.67836550336052781        4.2622961638636845       -4.6164108366904157     
  0.62002743484224909      -0.72885061555701802      -0.68467275387032533        4.3019257875956667       -4.5795034795903522     
  0.62139917695473190      -0.72292248446309282      -0.69092914336342448        4.3412358421347443       -4.5422559333976285     
  0.62277091906721471      -0.71694065096557991      -0.69713420708300722        4.3802234073277075       -4.5046709650517194     
  0.62414266117969752      -0.71090555942586475      -0.70328748408499830        4.4188855869775141       -4.4667513665575536     
  0.62551440329218033      -0.70481765816161424      -0.70938851727230634        4.4572195090584366       -4.4284999547781112     
  0.62688614540466314      -0.69867739941347351      -0.71543685342877961        4.4952223259294088       -4.3899195712251693     
  0.62825788751714595      -0.69248523931147110      -0.72143204325287302        4.5328912145455647       -4.3510130818482242     
  0.62962962962962876      -0.68624163784113534      -0.72737364139102456        4.5702233766679470       -4.3117833768215892     
  0.63100137174211157      -0.67994705880932416      -0.73326120647073867        4.6072160390713766       -4.2722333703297011     
  0.63237311385459438      -0.67360196980977116      -0.73909430113337349        4.6438664537504604       -4.2323660003506376     
  0.63374485596707719      -0.66720684218835036      -0.74487249206663009        4.6801718981237288       -4.1921842284378714     
  0.63511659807956000      -0.66076215100806224      -0.75059535003674127        4.7161296752358819       -4.1516910395002675     
  0.63648834019204281      -0.65426837501374369      -0.75626244992035707        4.7517371139581348       -4.1108894415803521     
  0.63786008230452562      -0.64772599659650398      -0.76187337073612527        4.7869915691866405       -4.0697824656308574     
  0.63923182441700843      -0.64113550175789080      -0.76742769567596403        4.8218904220389831       -4.0283731652895680     
  0.64060356652949124      -0.63449738007378709      -0.77292501213602449        4.8564310800487220       -3.9866646166524800     
  0.64197530864197405      -0.62781212465804326      -0.77836491174734113        4.8906109773579747       -3.9446599180452941     
  0.64334705075445686      -0.62108023212584584      -0.78374699040616769        4.9244275749080186       -3.9023621897932550     
  0.64471879286693967      -0.61430220255682644      -0.78907084830399565        4.9578783606279080       -3.8597745739893576     
  0.64609053497942248      -0.60747853945791330      -0.79433608995725447        4.9909608496210840       -3.8169002342609368     
  0.64746227709190529      -0.60060974972592818      -0.79954232423669003        5.0236725843499634       -3.7737423555346568     
  0.64883401920438810      -0.59369634360993129      -0.80468916439641958        5.0560111348185002       -3.7303041437999171     
  0.65020576131687091      -0.58673883467331778      -0.80977622810266148        5.0879740987526940       -3.6865888258706976     
  0.65157750342935372      -0.57973773975566711      -0.81480313746213662        5.1195591017790463       -3.6425996491458514     
  0.65294924554183653      -0.57269357893434991      -0.81976951905014050        5.1507637976009422       -3.5983398813678735     
  0.65432098765431934      -0.56560687548589383      -0.82467500393828319        5.1815858681729416       -3.5538128103801552     
  0.65569272976680215      -0.55847815584711180      -0.82951922772189490        5.2120230238729786       -3.5090217438827462     
  0.65706447187928496      -0.55130794957599560      -0.83430183054709606        5.2420730036724450       -3.4639700091866414     
  0.65843621399176777      -0.54409678931237782      -0.83902245713752932        5.2717335753041521       -3.4186609529666114     
  0.65980795610425058      -0.53684521073836433      -0.84368075682075083        5.3010025354281547       -3.3730979410125945     
  0.66117969821673339      -0.52955375253854109      -0.84827638355428048        5.3298777097954257       -3.3272843579796678     
  0.66255144032921620      -0.52222295635995797      -0.85280899595130732        5.3583569534093716       -3.2812236071366181     
  0.66392318244169901      -0.51485336677189253      -0.85727825730604990        5.3864381506851728       -3.2349191101131298     
  0.66529492455418182      -0.50744553122539637      -0.86168383561876805        5.4141192156069424       -3.1883743066456081     
  0.66666666666666463      -0.50000000001262779      -0.86602540362042590        5.4413980918826823       -3.1415926543216579     
  0.66803840877914744      -0.49251732622597316      -0.87030263879700309        5.4682727530970396       -3.0945776283232362     
  0.66941015089163025      -0.48499806571696058      -0.87451522341345256        5.4947412028618352       -3.0473327211684982     
  0.67078189300411306      -0.47744277705496818      -0.87866284453730370        5.5208014749643688       -2.9998614424523544     
  0.67215363511659587      -0.46985202148573069      -0.88274519406190854        5.5464516335134775       -2.9521673185857606     
  0.67352537722907868      -0.46222636288964730      -0.88676196872932955        5.5716897730833450       -2.9042538925337573     
  0.67489711934156149      -0.45456636773989373      -0.89071287015286715        5.5965140188550446       -2.8561247235522798     
  0.67626886145404430      -0.44687260506034171      -0.89459760483922535        5.6209225267558125       -2.8077833869237594     
  0.67764060356652711      -0.43914564638328879      -0.89841588421031404        5.6449134835960342       -2.7592334736915323     
  0.67901234567900992      -0.43138606570700222      -0.90216742462468613        5.6684851072039368       -2.7104785903930781     
  0.68038408779149273      -0.42359443945307923      -0.90585194739860764        5.6916356465579785       -2.6615223587921086     
  0.68175582990397554      -0.41577134642362745      -0.90946917882676004        5.7143633819169244       -2.6123684156095237     
  0.68312757201645835      -0.40791736775826870      -0.91301885020257234        5.7366666249475964       -2.5630204122532572     
  0.68449931412894116      -0.40003308689096878      -0.91650069783818189        5.7585437188502917       -2.5134820145470314     
  0.68587105624142397      -0.39211908950669699      -0.91991446308402280        5.7799930384818587       -2.4637569024580417     
  0.68724279835390678      -0.38417596349791849      -0.92325989234803940        5.8010129904764201       -2.4138487698235882     
  0.68861454046638959      -0.37620429892092272      -0.92653673711452467        5.8216020133637381       -2.3637613240766795     
  0.68998628257887240      -0.36820468795199074      -0.92974475396258094        5.8417585776852059       -2.3134982859706259     
  0.69135802469135521      -0.36017772484340554      -0.93288370458420289        5.8614811861074667       -2.2630633893026411     
  0.69272976680383802      -0.35212400587930781      -0.93595335580197980        5.8807683735336411       -2.2124603806364775     
  0.69410150891632083      -0.34404412933140094      -0.93895347958641762        5.8996187072121629       -2.1616930190241126     
  0.69547325102880364      -0.33593869541450827      -0.94188385307287770        5.9180307868432100       -2.1107650757265066     
  0.69684499314128645      -0.32780830624198609      -0.94474425857813282        5.9360032446827296       -2.0596803339334540     
  0.69821673525376926      -0.31965356578099552      -0.94753448361653747        5.9535347456440357       -2.0084425884825481     
  0.69958847736625207      -0.31147507980763678      -0.95025432091581252        5.9706239873969906       -1.9570556455772823     
  0.70096021947873488      -0.30327345586194893      -0.95290356843244239        5.9872697004647479       -1.9055233225043045     
  0.70233196159121769      -0.29504930320277878      -0.95548202936668403        6.0034706483180544       -1.8538494473498497     
  0.70370370370370050      -0.28680323276252190      -0.95798951217718609        6.0192256274671063       -1.8020378587153703     
  0.70507544581618331      -0.27853585710173950      -0.96042583059521769        6.0345334675509505       -1.7500924054323850     
  0.70644718792866612      -0.27024779036365421      -0.96279080363850511        6.0493930314244277       -1.6980169462765675     
  0.70781893004114893      -0.26193964822852839      -0.96508425562467670        6.0638032152426407       -1.6458153496810970     
  0.70919067215363174      -0.25361204786792829      -0.96730601618431278        6.0777629485429570       -1.5934914934492910     
  0.71056241426611455      -0.24526560789887722      -0.96945592027360217        6.0912711943245279       -1.5410492644665419     
  0.71193415637859736      -0.23690094833790165      -0.97153380818660195        6.1043269491253209       -1.4884925584115798     
  0.71330589849108017      -0.22851869055497315      -0.97353952556710166        6.1169292430966635       -1.4358252794670809     
  0.71467764060356298      -0.22011945722734971      -0.97547292342008940        6.1290771400752879       -1.3830513400296447     
  0.71604938271604579      -0.21170387229332027      -0.97733385812282025        6.1407697376528736       -1.3301746604191609     
  0.71742112482852860      -0.20327256090585519      -0.97912219143548496        6.1520061672430835       -1.2771991685875883     
  0.71879286694101141      -0.19482614938616677      -0.98083779051147924        6.1627855941460874       -1.2241287998271664     
  0.72016460905349422      -0.18636526517718288      -0.98248052790727236        6.1731072176105668       -1.1709674964780810     
  0.72153635116597703      -0.17789053679693723      -0.98405028159187447        6.1829702708931995       -1.1177192076356073     
  0.72290809327845984      -0.16940259379187983      -0.98554693495590118        6.1923740213156169       -1.0643878888567508     
  0.72427983539094265      -0.16090206669011103      -0.98697037682023636        6.2013177703188314       -1.0109775018664080     
  0.72565157750342546      -0.15238958695454272      -0.98832050144429096        6.2098008535151283      -0.95749201426306896     
  0.72702331961590827      -0.14386578693598989      -0.98959720853385791        6.2178226407374213      -0.90393539922408406     
  0.72839506172839108      -0.13533129982619646      -0.99080040324856256        6.2253825360860633      -0.85031163521051567     
  0.72976680384087389      -0.12678675961079849      -0.99192999620890787        6.2324799779731128      -0.79662470567159760     
  0.73113854595335670      -0.11823280102222847      -0.99298590350291416        6.2391144391640525      -0.74287859874882400     
  0.73251028806583951      -0.10967005949256413      -0.99396804669235217        6.2452854268169551      -0.68907730697968972     
  0.73388203017832232      -0.10109917110632527      -0.99487635281857012        6.2509924825190923      -0.63522482700110405     
  0.73525377229080513       -9.2520772553222150E-002 -0.99571075440791335        6.2562351823209905      -0.58132515925249995     
  0.73662551440328794       -8.3935501080858857E-002 -0.99647118947673663        6.2610131367679225      -0.52738230767866068     
  0.73799725651577075       -7.5343994447395313E-002 -0.99715760153600874        6.2653259909288375      -0.47340027943228652     
  0.73936899862825356       -6.6746890874171308E-002 -0.99776993959550853        6.2691734244227293      -0.41938308457632251     
  0.74074074074073637       -5.8144828998296101E-002 -0.99830815816761298        6.2725551514424343      -0.36533473578607040     
  0.74211248285321918       -4.9538447825207221E-002 -0.99877221727067600        6.2754709207758630      -0.31125924805110655     
  0.74348422496570199       -4.0928386681201800E-002 -0.99916208243199878        6.2779205158246612      -0.25716063837702785     
  0.74485596707818480       -3.2315285165944181E-002 -0.99947772469039042        6.2799037546203014      -0.20304292548704783     
  0.74622770919066761       -2.3699783104953104E-002 -0.99971912059831924        6.2814204898375987      -0.14891012952346511     
  0.74759945130315042       -1.5082520502072217E-002 -0.99988625222365468        6.2824706088056557       -9.4766271749026687E-002
  0.74897119341563323       -6.4641374919272732E-003 -0.99997910715099947        6.2830540335162306       -4.0615374248207742E-002
  0.75034293552811604        2.1547257076263548E-003 -0.99999767848261178        6.2831707206295357        1.3538540371569416E-002
  0.75171467764059885        1.0773428843062359E-002 -0.99994196483891762        6.2828206614774533        6.7691449278755422E-002
  0.75308641975308166        1.9391331672744823E-002 -0.99981197035861347        6.2820038820641813       0.12183932971651043     
  0.75445816186556447        2.8007794014488656E-002 -0.99960770469835858        6.2807204430643013       0.17597815930153526     
  0.75582990397804728        3.6622175793115636E-002 -0.99932918303205787        6.2789704398182709       0.23010391632287466     
  0.75720164609053009        4.5233837088002479E-002 -0.99897642604973469        6.2767540023253421       0.28421258004067079     
  0.75857338820301290        5.3842138180617449E-002 -0.99854945995599376        6.2740712952339033       0.33830013098484435     
  0.75994513031549571        6.2446439602041923E-002 -0.99804831646807457        6.2709225178292494       0.39236255125368164     
  0.76131687242797852        7.1046102180473442E-002 -0.99747303281349542        6.2673079040187769       0.44639582481230494     
  0.76268861454046133        7.9640487088706718E-002 -0.99682365172728771        6.2632277223146087       0.50039593779100422     
  0.76406035665294414        8.8228955891588939E-002 -0.99610022144882149        6.2586822758136478       0.55435887878340795     
  0.76543209876542695        9.6810870593446077E-002 -0.99530279571822211        6.2536719021750615       0.60828063914447139     
  0.76680384087790976       0.10538559368547645      -0.99443143377237786        6.2481969735951983       0.66215721328825883     
  0.76817558299039257       0.11395248819310821      -0.99348620034053992        6.2422578967799378       0.71598459898549960     
  0.76954732510287538       0.12251091772331704      -0.99246716563951354        6.2358551129144812       0.76975879766089417     
  0.77091906721535819       0.13106024651190071      -0.99137440536844224        6.2289890976305760       0.82347581469014852     
  0.77229080932784100       0.13959983947070698      -0.99020800070318438        6.2216603609711845       0.87713165969671592     
  0.77366255144032381       0.14812906223481109      -0.98896803829028301        6.2138694473525939       0.93072234684822241     
  0.77503429355280662       0.15664728120963980      -0.98765461024052936        6.2056169355239756       0.98424389515255495     
  0.77640603566528943       0.16515386361803797      -0.98626781412212039        6.1969034385243917        1.0376923287535900     
  0.77777777777777224       0.17364817754727446      -0.98480775295341072        6.1877296036372567        1.0910636772265403     
  0.77914951989025505       0.18212959199598400      -0.98327453519526020        6.1780961123422529        1.1443539758728993     
  0.78052126200273786       0.19059747692104106      -0.98166827474297669        6.1680036802647065        1.1975592660149585     
  0.78189300411522067       0.19905120328436288      -0.97998909091785547        6.1574530571224271        1.2506755952898787     
  0.78326474622770348       0.20749014309963745      -0.97823710845831513        6.1464450266700164        1.3036990179432921     
  0.78463648834018629       0.21591366947897375      -0.97641245751063177        6.1349804066406444        1.3566255951224129     
  0.78600823045266910       0.22432115667947006      -0.97451527361927082        6.1230600486853053        1.4094513951686354     
  0.78737997256515191       0.23271198014969746      -0.97254569771681809        6.1106848383095542        1.4621724939095988     
  0.78875171467763472       0.24108551657609473      -0.97050387611351063        6.0978556948077243        1.5147849749506939     
  0.79012345679011753       0.24944114392927122      -0.96838996048636816        6.0845735711946372        1.5672849299659934     
  0.79149519890260034       0.25777824151021445      -0.96620410786792554        6.0708394541348101        1.6196684589885826     
  0.79286694101508315       0.26609618999639878      -0.96394648063456767        6.0566543638691606        1.6719316707002687     
  0.79423868312756596       0.27439437148779194      -0.96161724649446723        6.0420193541392164        1.7240706827206482     
  0.79561042524004877       0.28267216955275581      -0.95921657847512665        6.0269355121088397        1.7760816218955102     
  0.79698216735253158       0.29092896927383805      -0.95674465491052463        6.0114039582834655        1.8279606245845541     
  0.79835390946501439       0.29916415729345147      -0.95420165942786861        5.9954258464268673        1.8797038369484007     
  0.79972565157749720       0.30737712185943727      -0.95158778093395380        5.9790023634754466        1.9313074152348748     
  0.80109739368998001       0.31556725287050924      -0.94890321360113050        5.9621347294500628        1.9827675260645399     
  0.80246913580246282       0.32373394192157506      -0.94614815685287990        5.9448241973654037        2.0340803467154602     
  0.80384087791494563       0.33187658234893203      -0.94332281534899975        5.9270720531369046        2.0852420654071731     
  0.80521262002742844       0.33999456927533289      -0.94042739897040128        5.9088796154852243        2.1362488815838465     
  0.80658436213991125       0.34808729965491947      -0.93746212280351804        5.8902482358382837        2.1870970061966060     
  0.80795610425239406       0.35615417231801977      -0.93442720712432847        5.8711792982308744        2.2377826619850021     
  0.80932784636487687       0.36419458801580618      -0.93132287738199238        5.8516742192018452        2.2883020837576069     
  0.81069958847735968       0.37220794946481062      -0.92814936418210336        5.8317344476888762        2.3386515186717105     
  0.81207133058984249       0.38019366139129390      -0.92490690326955860        5.8113614649208412        2.3888272265121024     
  0.81344307270232530       0.38815113057546574      -0.92159573551104623        5.7905567843077774        2.4388254799689126     
  0.81481481481480811       0.39607976589555211      -0.91821610687715249        5.7693219513284602        2.4886425649144970     
  0.81618655692729092       0.40397897837170677      -0.91476826842408998        5.7476585434155956        2.5382747806793406     
  0.81755829903977373       0.41184818120976391      -0.91125247627504780        5.7255681698386427        2.5877184403269635     
  0.81893004115225654       0.41968678984482805      -0.90766899160116532        5.7030524715842690        2.6369698709278042     
  0.82030178326473935       0.42749422198469861      -0.90401808060213107        5.6801131212344478        2.6860254138320649     
  0.82167352537722216       0.43526989765312563      -0.90030001448640828        5.6567518228422093        2.7348814249414941     
  0.82304526748970497       0.44301323923289321      -0.89651506945108783        5.6329703118050594        2.7835342749800889     
  0.82441700960218778       0.45072367150872805      -0.89266352666137094        5.6087703547360599        2.8319803497636968     
  0.82578875171467059       0.45840062171002943      -0.88874567222968304        5.5841537493325983        2.8802160504684959     
  0.82716049382715340       0.46604351955341738      -0.88476179719441961        5.5591223242428462        2.9282377938983335     
  0.82853223593963621       0.47365179728509643      -0.88071219749832630        5.5336779389299160        2.9760420127509049     
  0.82990397805211902       0.48122488972303124      -0.87659717396651515        5.5078224835337313        3.0236251558827503     
  0.83127572016460183       0.48876223429893118      -0.87241703228411727        5.4815578787306185        3.0709836885730537     
  0.83264746227708464       0.49626327110004081      -0.86817208297357518        5.4548860755906272        3.1181140927862177     
  0.83401920438956745       0.50372744291073313      -0.86386264137157587        5.4278090554325953        3.1650128674332034     
  0.83539094650205026       0.51115419525390249      -0.85948902760562551        5.4003288296769671        3.2116765286316080     
  0.83676268861453307       0.51854297643215375      -0.85505156657026915        5.3724474396963746        3.2581016099644660     
  0.83813443072701588       0.52589323756878559      -0.85055058790295546        5.3441669566639938        3.3042846627377527     
  0.83950617283949869       0.53320443264856343      -0.84598642595954987        5.3154894813996858        3.3502222562365707     
  0.84087791495198150       0.54047601855828065      -0.84135941978949691        5.2864171442139387        3.3959109779800007     
  0.84224965706446431       0.54770745512710362      -0.83666991311063355        5.2569521047496170        3.4413474339745993     
  0.84362139917694712       0.55489820516669841      -0.83191825428365651        5.2270965518215329        3.4865282489665210     
  0.84499314128942993       0.56204773451113599      -0.82710479628624400        5.1968527032538470        3.5314500666922499     
  0.84636488340191274       0.56915551205657278      -0.82222989668683455        5.1662228057153206        3.5761095501279203     
  0.84773662551439555       0.57622100980070368      -0.81729391761806536        5.1352091345524178        3.6205033817372088     
  0.84910836762687836       0.58324370288198502      -0.81229722574987084        5.1038139936202853        3.6646282637177761     
  0.85048010973936117       0.59022306961862359      -0.80724019226224486        5.0720397151116066        3.7084809182462459     
  0.85185185185184398       0.59715859154733031      -0.80212319281766731        5.0398886593833563        3.7520580877216996     
  0.85322359396432679       0.60404975346183409      -0.79694660753319813        5.0073632147814600        3.7953565350076652     
  0.85459533607680960       0.61089604345115400      -0.79171082095223999        4.9744657974633775        3.8383730436725907     
  0.85596707818929241       0.61769695293762672      -0.78641622201597283        4.9411988512186147        3.8811044182287753     
  0.85733882030177522       0.62445197671468622      -0.78106320403446106        4.9075648472871904        3.9235474843697480     
  0.85871056241425803       0.63116061298439341      -0.77565216465743636        4.8735662841760563        3.9656990892060713     
  0.86008230452674084       0.63782236339471177      -0.77018350584475848        4.8392056874734974        4.0075561014995538     
  0.86145404663922365       0.64443673307652793      -0.76465763383655538        4.8044856096615174        4.0491154118958539     
  0.86282578875170646       0.65100323068041288      -0.75907495912304568        4.7694086299262271        4.0903739331554609     
  0.86419753086418927       0.65752136841312203      -0.75343589641404551        4.7339773539662495        4.1313286003830276     
  0.86556927297667208       0.66399066207383095      -0.74774086460816136        4.6981944137991549        4.1719763712550506     
  0.86694101508915489       0.67041063109010424      -0.74199028676167245        4.6620624675659412        4.2123142262458657     
  0.86831275720163770       0.67678079855359508      -0.73618459005710390        4.6255841993335736        4.2523391688519574     
  0.86968449931412051       0.68310069125547235      -0.73032420577149326        4.5887623188955970        4.2920482258145514     
  0.87105624142660332       0.68936983972157306      -0.72440956924435318        4.5515995615708418        4.3314384473404859     
  0.87242798353908613       0.69558777824727724      -0.71844111984533199        4.5140986880002272        4.3705069073213370     
  0.87379972565156894       0.70175404493210292      -0.71241930094157513        4.4762624839416869        4.4092507035507840     
  0.87517146776405175       0.70786818171401844      -0.70634455986478972        4.4380937600632313        4.4476669579402017     
  0.87654320987653456       0.71392973440346963      -0.70021734787801426        4.3995953517341526        4.4857528167324583     
  0.87791495198901737       0.71993825271711953      -0.69403812014209665        4.3607701188144024        4.5235054507139072     
  0.87928669410150018       0.72589329031129746      -0.68780733568188213        4.3216209454421453        4.5609220554245571     
  0.88065843621398299       0.73179440481515612      -0.68152545735211512        4.2821507398195093        4.5979998513664011     
  0.88203017832646580       0.73764115786353268      -0.67519295180305550        4.2423624339965507        4.6347360842098899     
  0.88340192043894861       0.74343311512951327      -0.66881028944581355        4.2022589836534472        4.6711280249985414     
  0.88477366255143142       0.74916984635669659      -0.66237794441740572        4.1618433678809330        4.7071729703516585     
  0.88614540466391423       0.75485092539115606      -0.65589639454553283        4.1211185889589972        4.7428682426651525     
  0.88751714677639704       0.76047593021309634      -0.64936612131308480        4.0800876721338595        4.7782111903104463     
  0.88888888888887985       0.76604444296820318      -0.64278760982237360        4.0387536653932390        4.8131991878314544     
  0.89026063100136266       0.77155604999868388      -0.63616134875909736        3.9971196392399331        4.8478296361396129     
  0.89163237311384547       0.77701034187399598      -0.62948783035603828        3.9551886864637265        4.8820999627069543     
  0.89300411522632828       0.78240691342126178      -0.62276755035649689        3.9129639219116412        4.9160076217572071     
  0.89437585733881109       0.78774536375536663      -0.61600100797746593        3.8704484822565508        4.9495500944549118     
  0.89574759945129390       0.79302529630873886      -0.60918870587254581        3.8276455257641717        4.9827248890925286     
  0.89711934156377671       0.79824631886080866      -0.60233115009460503        3.7845582320584508        5.0155295412755390     
  0.89849108367625952       0.80340804356714446      -0.59542885005818769        3.7411898018853673        5.0479616141055095     
  0.89986282578874233       0.80851008698826388      -0.58848231850167187        3.6975434568751644        5.0800186983611200     
  0.90123456790122514       0.81355207011811770      -0.58149207144918069        3.6536224393030294        5.1116984126771312     
  0.90260631001370795       0.81853361841224426      -0.57445862817224924        3.6094300118482421        5.1429984037212870     
  0.90397805212619076       0.82345436181559262      -0.56738251115125049        3.5649694573518049        5.1739163463691291     
  0.90534979423867357       0.82831393479001214      -0.56026424603658287        3.5202440785725777        5.2044499438767220     
  0.90672153635115638       0.83311197634140643      -0.55310436160962229        3.4752571979419309        5.2345969280512641     
  0.90809327846363919       0.83784813004655012      -0.54590338974344121        3.4300121573169386        5.2643550594195840     
  0.90946502057612200       0.84252204407956555      -0.53866186536329863        3.3845123177321281        5.2937221273944983     
  0.91083676268860481       0.84713337123805832      -0.53138032640690314        3.3387610591498054        5.3226959504390248     
  0.91220850480108762       0.85168176896890913      -0.52405931378445192        3.2927617802089735        5.3512743762284387     
  0.91358024691357043       0.85616689939372070      -0.51669937133844934        3.2465178979728648        5.3794552818101593     
  0.91495198902605324       0.86058842933391688      -0.50930104580330737        3.2000328476751032        5.4072365737614536     
  0.91632373113853605       0.86494603033549278      -0.50186488676473162        3.1533100824645177        5.4346161883449460     
  0.91769547325101886       0.86923937869341428      -0.49439144661889489        3.1063530731486244        5.4615920916619238     
  0.91906721536350167       0.87346815547566448      -0.48688128053140262        3.0591653079357983        5.4881622798034240     
  0.92043895747598448       0.87763204654693527      -0.47933494639605223        3.0117502921761492        5.5143247789990966     
  0.92181069958846729       0.88173074259196338      -0.47175300479338994        2.9641115481011280        5.5400776457638248     
  0.92318244170095010       0.88576393913850748      -0.46413601894906792        2.9162526145618766        5.5654189670420973     
  0.92455418381343291       0.88973133657996650      -0.45648455469200505        2.8681770467663430        5.5903468603501203     
  0.92592592592591572       0.89363264019763522      -0.44879918041235412        2.8198884160151834        5.6148594739156579     
  0.92729766803839853       0.89746756018259821      -0.44108046701927900        2.7713903094364674        5.6389549868155902     
  0.92866941015088134       0.90123581165725786      -0.43332898789854457        2.7226863297192070        5.6626316091111839     
  0.93004115226336415       0.90493711469649663      -0.42554531886992253        2.6737800948457306        5.6858875819810546     
  0.93141289437584696       0.90857119434847144      -0.41773003814441667        2.6246752378229212        5.7087211778518228     
  0.93278463648832977       0.91213778065503859      -0.40988372628131042        2.5753754064123369        5.7311307005264460     
  0.93415637860081258       0.91563660867180741      -0.40200696614503978        2.5258842628592371        5.7531144853102241     
  0.93552812071329539       0.91906741848782181      -0.39410034286189521        2.4762054836205323        5.7746708991344571     
  0.93689986282577820       0.92242995524486771      -0.38616444377655551        2.4263427590916775        5.7957983406777602     
  0.93827160493826101       0.92572396915640542      -0.37819985840845671        2.3762997933325307        5.8164952404850174     
  0.93964334705074382       0.92894921552612497      -0.37020717840799966        2.3260803037921960        5.8367600610839707     
  0.94101508916322663       0.93210545476612328      -0.36218699751259903        2.2756880210328729        5.8565912970994294     
  0.94238683127570944       0.93519245241470217      -0.35413991150257762        2.2251266884527312        5.8759874753650960     
  0.94375857338819225       0.93820997915378523      -0.34606651815690859        2.1744000620078303        5.8949471550330044     
  0.94513031550067506       0.94115781082595296      -0.33796741720880941        2.1235119099331099        5.9134689276805501     
  0.94650205761315787       0.94403572845109407      -0.32984321030119068        2.0724660124624648        5.9315514174151156     
  0.94787379972564068       0.94684351824267265      -0.32169450094196278        2.0212661615479290        5.9491932809762815     
  0.94924554183812349       0.94958097162360933      -0.31352189445920442        1.9699161605779918        5.9663932078356074     
  0.95061728395060630       0.95224788524177517      -0.30532599795619564        1.9184198240950610        5.9831499202939860     
  0.95198902606308911       0.95484406098509822      -0.29710742026631903        1.8667809775120996        5.9994621735765579     
  0.95336076817557192       0.95736930599627978      -0.28886677190783255        1.8150034568284548        6.0153287559251787     
  0.95473251028805473       0.95982343268712123      -0.28060466503851700        1.7630911083448992        6.0307484886884355     
  0.95610425240053754       0.96220625875245869      -0.27232171341020189        1.7110477883779092        6.0457202264092027     
  0.95747599451302035       0.96451760718370594      -0.26401853232317268        1.6588773629731963        6.0602428569097322     
  0.95884773662550316       0.96675730628200340      -0.25569573858046313        1.6065837076185190        6.0743153013742726     
  0.96021947873798597       0.96892518967097263      -0.24735395044203606        1.5541707069557904        6.0879365144292086     
  0.96159122085046878       0.97102109630907585      -0.23899378757885581        1.5016422544925074        6.1011054842207164     
  0.96296296296295159       0.97304487050157884      -0.23061587102685580        1.4490022523125212        6.1138212324899310     
  0.96433470507543440       0.97499636191211669      -0.22222082314080488        1.3962546107861700        6.1260828146456134     
  0.96570644718791721       0.97687542557386176      -0.21380926754807561        1.3434032482797966        6.1378893198343230     
  0.96707818930040002       0.97868192190029235      -0.20538182910231792        1.2904520908646724        6.1492398710080778     
  0.96844993141288283       0.98041571669556193      -0.19693913383704187        1.2374050720253482        6.1601336249895073     
  0.96982167352536564       0.98207668116446800      -0.18848180891911256        1.1842661323674550        6.1705697725344892     
  0.97119341563784845       0.98366469192201977      -0.18001048260216104        1.1310392193249750        6.1805475383922603     
  0.97256515775033126       0.98517963100260342      -0.17152578417991435        1.0777282868670066        6.1900661813630116     
  0.97393689986281407       0.98662138586874548      -0.16302834393944832        1.0243372952040426        6.1991249943529434     
  0.97530864197529687       0.98798984941947288      -0.15451879311436667       0.97087021049378608        6.2077233044267954     
  0.97668038408777968       0.98928491999826851      -0.14599776383790963       0.91733100454652294        6.2158604728578339     
  0.97805212620026249       0.99050650140062313      -0.13746588909599594       0.86372365453007605        6.2235358951753001     
  0.97942386831274530       0.99165450288118184      -0.12892380268020134       0.81005214267436043        6.2307490012093130     
  0.98079561042522811       0.99272883916048515      -0.12037213914067724       0.75632045597556286        6.2374992551332262     
  0.98216735253771092       0.99372943043130368      -0.11181153373901311       0.70253258589996714        6.2437861555034306     
  0.98353909465019373       0.99465620236456720      -0.10324262240104597       0.64869252808744760        6.2496092352966031     
  0.98491083676267654       0.99550908611488564       -9.4666041669620560E-002  0.59480428205465230        6.2549680619444006     
  0.98628257887515935       0.99628801832566372       -8.6082428657303631E-002  0.54087185089789824        6.2598622373655957     
  0.98765432098764216       0.99699294113380699       -7.7492420999055969E-002  0.48689924099580106        6.2642913979956427     
  0.98902606310012497       0.99762380217402058       -6.8896656804865564E-002  0.43289046171166029        6.2682552148136912     
  0.99039780521260778       0.99818055458269894       -6.0295774612345546E-002  0.37884952509562342        6.2717533933670238     
  0.99176954732509059       0.99866315700140706       -5.1690413339300287E-002  0.32478044558664998        6.2747856737929295     
  0.99314128943757340       0.99907157357995302       -4.3081212236263336E-002  0.27068723971429859        6.2773518308380085     
  0.99451303155005621       0.99940577397905095       -3.4468810839010572E-002  0.21657392580035822        6.2794516738749060     
  0.99588477366253902       0.99966573337257492       -2.5853848921052192E-002  0.16244452366034678        6.2810850469164725     
  0.99725651577502183       0.99985143244940289       -1.7236966446107067E-002  0.10830305430489837        6.2822518286273503     
  0.99862825788750464       0.99996285741485147       -8.6188035205629239E-003   5.4153539641061947E-002   6.2829519323329874     
  0.99999999999998745       0.99999999999170075       -3.4592594760907147E-010   2.1735334296280051E-009   6.2831853060260761     
